P_h_kPa: 14.892105247814994
dt: 1.0
n_days: 500.0
pressure_factor: 1.5
sigma_theta_0_kPa: 114.65220857244726
